sample-id	label	dna_num	dnd_date	dna_conc_ul	dna_con_ml	dna_ex_date	dnd_day	dna_month	dna_year	dna_time	chloro_fill	chloro_ex	fo	fa	chloro_ug	pico	nano	cyan
201	CML	1	1-2-2025	0.71	10.6	12-11-2025	2	1	2025	12:32	5	100	239.5	162	4.722602	1.80E+02	1.14E+02	6.62E+01
123	CML	2	1-2-2025	0.453	6.8	10-24-2025	2	1	2025	12:32	5	100	242.1	153.5	5.39900048	1.14E+02	5.68E+01	3.78E+01
215	CML	3	1-2-2025	0.82	12.3	12-11-2025	2	1	2025	12:32	5	100	241.5	159.3	5.00900496	2.27E+02	1.89E+02	1.04E+02
227	CML	1	1-10-2025	0.437	6.55	12-12-2025	10	1	2025	7:31	5	100	195.1	129	4.02792248	3.03E+02	1.70E+02	1.04E+02
93	CML	2	1-10-2025	1	15	10-1-2025	10	1	2025	7:31	5	100	213.2	140.5	4.43010536	4.92E+02	1.61E+02	5.67E+01
187	CML	3	1-10-2025	2.41	36.2	12-10-2025	10	1	2025	7:31	5	100	208.5	144.7	3.88776784	2.93E+02	7.57E+01	9.46E+01
176	CML	1	1-16-2025	OOR	OOR	11-19-2025	16	1	2025	12:43	5	100	179.4	115.2	3.91214256	2.70E+03	1.81E+02	4.77E+03
94	CML	2	1-16-2025	0.45	6.8	10-1-2025	16	1	2025	12:43	5	100	179.1	110	4.21073288	3.08E+03	1.90E+02	5.23E+03
124	CML	3	1-16-2025	0.65	9.76	10-24-2025	16	1	2025	12:43	5	100	172.8	107.9	3.95479832	5.50E+03	2.18E+02	1.16E+04
243	CML	1	1-24-2025	0.211	3.16	12-12-2025	24	1	2025	6:43	5	100	202.6	137.4	3.97307936	1.14E+03	2.01E+02	1.35E+03
228	CML	2	1-24-2025	0.0927	1.39	12-12-2025	24	1	2025	6:43	5	100	201.5	133.3	4.15588976	1.01E+03	1.62E+02	1.27E+03
216	CML	3	1-24-2025	0.606	9.09	12-11-2025	24	1	2025	6:43	5	100	193.3	131	3.79636264	1.16E+03	2.58E+02	1.15E+03
242	CML	1	1-30-2025	0.484	7.26	12-12-2025	30	1	2025	11:29	5	100	200.6	134.2	4.04620352	6.84E+02	1.14E+02	4.65E+02
194	CML	2	1-30-2025	1.28	19.2	12-10-2025	30	1	2025	11:29	5	100	197.4	132.9	3.9304236	1.81E+03	2.28E+02	7.88E+02
178	CML	3	1-30-2025	1.19	17.8	11-19-2025	30	1	2025	11:29	5	100	214	135.7	4.77135144	1.07E+03	1.80E+02	1.20E+03
255	CML	1	2-5-2025	0.638	9.57	12-15-2025	5	2	2025	16:42	5	100	252.3	168.7	5.09431648	8.30E+03	4.10E+02	2.69E+03
244	CML	2	2-5-2025	0.341	5.22	12-12-2025	5	2	2025	16:42	5	100	272.9	160.7	6.83710896	6.43E+03	4.00E+02	1.42E+03
202	CML	3	2-5-2025	0.873	13.1	12-11-2025	5	2	2025	16:42	5	100	241.9	161.8	4.88103768	7.40E+03	4.67E+02	2.48E+03
188	CML	1	2-12-2025	0.357	5.35	12-10-2025	12	2	2025	11:01	5	100	192.8	131.1	3.75980056	2.48E+03	1.24E+02	4.48E+02
229	CML	2	2-12-2025	0.27	4.05	12-12-2025	12	2	2025	11:01	5	100	213.2	124.6	5.39900048	2.55E+03	1.24E+02	5.53E+02
149	CML	3	2-12-2025	1.29	19.4	11-5-2025	12	2	2025	11:01	5	100	202	136.9	3.96698568	3.16E+03	1.53E+02	8.87E+02
245	CML	1	2-19-2025	0.43	6.38	12-12-2025	19	2	2025	15:48	5	100	147.5	99.57	2.920700824	5.25E+03	3.70E+02	8.62E+02
203	CML	2	2-19-2025	0.549	8.23	12-11-2025	19	2	2025	15:48	5	100	152.3	102.9	3.01027792	5.22E+03	3.51E+02	9.29E+02
217	CML	3	2-19-2025	1.01	15.2	12-11-2025	19	2	2025	15:48	5	100	150.8	103.9	2.85793592	5.07E+03	4.08E+02	1.12E+03
195	CML	1	2-27-2025	1.82	27.3	12-10-2025	26	2	2025	10:21	5	100	206	138.8	4.09495296	1.57E+03	2.85E+02	3.71E+02
218	CML	2	2-27-2025	0.793	11.9	12-11-2025	26	2	2025	10:21	5	100	211.4	149.4	3.7780816	1.57E+03	2.00E+02	3.71E+02
230	CML	3	2-27-2025	0.156	2.34	12-12-2025	26	2	2025	10:21	5	100	211.3	143.3	4.1437024	1.89E+03	2.66E+02	1.16E+03
256	CML	1	3-4-2025	0.184	2.76	12-15-2025	4	3	2025	14:26	5	100	185	124.6	3.68058272	1.09E+03	1.32E+02	9.36E+02
219	CML	2	3-4-2025	0.827	12.4	12-11-2025	4	3	2025	14:26	5	100	178.9	119.3	3.63183328	1.21E+03	1.32E+02	8.98E+02
414	CML	3	3-4-2025	0.35	5.24	12-30-2025	4	3	2025	14:26	5	100	182.4	125.9	3.4429292	1.13E+03	1.04E+02	7.75E+02
257	CML	1	3-13-2025	0.445	6.68	12-15-2025	13	3	2025	11:45	5	100	491.1	328.1	9.9326984	1.28E+03	1.09E+03	4.08E+02
189	CML	2	3-13-2025	1.14	17.1	12-10-2025	13	3	2025	11:45	5	100	499.5	333.7	10.10332144	1.17E+03	1.07E+03	3.79E+02
246	CML	3	3-13-2025	0.72	10.8	12-12-2025	13	3	2025	11:45	5	100	498.2	329.2	10.2983192	1.44E+03	1.09E+03	1.07E+03
258	CML	1	3-20-2025	5.81	87.2	12-15-2025	20	3	2025	16:13	5	100	299.3	210.7	5.39900048	4.94E+03	5.91E+02	9.06E+02
231	CML	2	3-20-2025	7.87	118	12-12-2025	20	3	2025	16:13	5	100	298.7	209.6	5.42946888	4.46E+03	4.96E+02	7.91E+02
247	CML	3	3-20-2025	7.13	107	12-12-2025	20	3	2025	16:13	5	100	307.2	220.9	5.25884584	4.96E+03	4.67E+02	8.20E+02
259	CML	1	3-27-2025	4.35	65.2	12-15-2025	27	3	2025	10:05	5	100	98.25	72.26	1.583747432	3.36E+03	1.91E+02	2.87E+02
248	CML	2	3-27-2025	5.51	82.6	12-12-2025	27	3	2025	10:05	5	100	104.6	77.01	1.681246312	4.06E+03	1.63E+02	2.01E+02
190	CML	3	3-27-2025	6.2	93	12-10-2025	27	3	2025	10:05	5	100	109.2	78.81	1.851869352	5.59E+03	3.35E+02	2.20E+02
260	CML	1	4-2-2025	8.6	129	12-15-2025	2	4	2025	15:12	5	100	179.1	138	2.50450248	6.04E+03	5.72E+02	2.10E+02
249	CML	2	4-2-2025	4.56	68.4	12-12-2025	2	4	2025	15:12	5	100	176.5	133.2	2.63856344	6.33E+03	4.67E+02	2.95E+02
232	CML	3	4-2-2025	6.73	101	12-12-2025	2	4	2025	15:12	5	100	182.3	137.1	2.75434336	5.62E+03	4.77E+02	2.29E+02
233	CML	1	4-9-2025	3.29	49.4	12-12-2025	9	4	2025	9:53	5	100	100.9	77.16	1.446639632	1.10E+04	5.08E+02	1.91E+03
250	CML	2	4-9-2025	2.58	38.7	12-12-2025	9	4	2025	9:53	5	100	94.78	73.14	1.318672352	8.24E+03	2.96E+02	4.78E+02
156	CML	3	4-9-2025	5.77	86.6	11-7-2025	9	4	2025	9:53	5	100	98.43	76.4	1.342437704	9.92E+03	6.13E+02	5.75E+02
179	CML	1	4-18-2025	5.17	77.6	11-19-2025	18	4	2025	15:46	5	100	121.5	79.93	2.533142776	6.79E+03	2.48E+02	2.76E+02
150	CML	2	4-18-2025	4.18	62.7	11-5-2025	18	4	2025	15:46	5	100	116	80.15	2.18458428	6.89E+03	3.62E+02	2.10E+02
251	CML	3	4-18-2025	1.63	24.5	12-12-2025	18	4	2025	15:46	5	100	111	78.83	1.960336856	1.17E+04	2.39E+02	4.95E+03
261	CML	1	4-24-2025	1.05	15.7	12-15-2025	24	4	2025	8:39	5	100	389.2	262.5	7.72069256	7.87E+03	3.38E+03	5.31E+02
204	CML	2	4-24-2025	0.707	10.6	12-11-2025	24	4	2025	8:39	5	100	384	258.1	7.67194312	8.07E+03	4.32E+03	5.51E+02
220	CML	3	4-24-2025	1.39	20.9	12-11-2025	24	4	2025	8:39	5	100	382.4	259.1	7.51350744	1.13E+04	8.83E+03	5.99E+02
252	CML	1	4-30-2025	5.47	82	12-12-2025	30	4	2025	14:03	5	100	235.7	164.3	4.35088752	1.27E+03	1.33E+02	3.04E+02
262	CML	2	4-30-2025	2.81	42.2	12-15-2025	30	4	2025	14:03	5	100	198.2	138.1	3.66230168	2.71E+03	1.43E+02	1.50E+03
157	CML	3	4-30-2025	3.79	56.8	11-7-2025	30	4	2025	14:03	5	100	212.4	146	4.04620352	1.94E+03	2.00E+02	7.81E+02
271	CML	1	5-9-2025	3.83	57.4	12-15-2025	9	5	2025	9:10	5	100	94.64	73.24	1.30404752	1.59E+03	1.73E+02	1.34E+02
253	CML	2	5-9-2025	1.99	29.9	12-12-2025	9	5	2025	9:10	5	100	93.37	70.94	1.366812424	1.84E+03	2.78E+02	1.25E+02
263	CML	3	5-9-2025	6.43	96.5	12-15-2025	9	5	2025	9:10	5	100	92.76	70.54	1.354015696	1.88E+03	1.99E+03	2.98E+02
91	CML	1	5-15-2025	3.47	52.1	9-26-2025	15	5	2025	13:53	5	100	81.15	58.12	1.403374504	2.03E+03	4.42E+02	1.92E+02
234	CML	2	5-15-2025	3.97	59.6	12-12-2025	15	5	2025	13:53	5	100	83.16	57.44	1.567294496	1.94E+03	4.61E+02	3.07E+02
264	CML	3	5-15-2025	6.8	102	12-15-2025	15	5	2025	13:53	5	100	85.79	56.78	1.767776568	2.38E+03	5.28E+02	3.74E+02
254	CML	1	5-20-2025	3.65	54.8	12-12-2025	20	5	2025	17:44	5	100	124.9	71.3	3.26621248	4.56E+03	5.26E+02	2.68E+02
235	CML	2	5-20-2025	4.91	73.6	12-12-2025	20	5	2025	17:44	5	100	113.4	69.2	2.69340656	4.51E+03	5.55E+02	3.35E+02
158	CML	3	5-20-2025	8.2	123	11-7-2025	20	5	2025	17:44	5	100	109.3	59.83	3.014543496	4.63E+03	5.06E+02	2.48E+02
126	CML	1	5-29-2025	5.26	78.9	10-24-2025	29	5	2025	13:38	5	100	91.2	57.68	2.042601536	1.34E+03	1.75E+02	1.07E+02
180	CML	2	5-29-2025	4.05	60.7	11-19-2025	29	5	2025	13:38	5	100	98.46	63.71	2.1175538	1.73E+03	3.07E+02	1.44E+02
159	CML	3	5-29-2025	7.4	111	11-7-2025	29	5	2025	13:38	5	100	107.5	60.01	2.893888632	1.56E+03	2.10E+02	1.34E+02
147	CML	1	6-6-2025	1.78	41.7	11-5-2025	6	6	2025	8:32	5	100	114.5	76.9	2.29122368	7.84E+03	2.66E+02	8.54E+01
144	CML	2	6-6-2025	5.08	76.2	11-5-2025	6	6	2025	8:32	5	100	120.3	72.46	2.915216512	7.72E+03	2.66E+02	1.61E+02
160	CML	3	6-6-2025	3.45	51.8	11-7-2025	6	6	2025	8:32	5	100	128.9	81.21	2.906075992	8.12E+03	2.18E+02	1.61E+02
102	CML	1	6-12-2025	5.19	77.8	10-3-2025	12	6	2025	12:56	5	100	114.5	58.09	3.437444888	2.01E+03	3.51E+02	1.04E+02
83	CML	2	6-12-2025	NA	NA	NA	12	6	2025	12:56	5	100	120.3	54.72	3.996235344	1.56E+03	2.37E+02	9.48E+01
119	CML	3	6-12-2025	4.65	69.7	10-10-2025	12	6	2025	12:56	5	100	128.9	56.81	4.392933912	1.55E+03	3.03E+02	5.68E+01
108	CML	1	6-17-2025	5.81	87.1	10-8-2025	17	6	2025	16:25	5	100	94.08	68.73	1.54474788	1.16E+04	4.92E+02	1.04E+02
161	CML	2	6-17-2025	5.31	79.7	11-7-2025	17	6	2025	16:25	5	100	94.2	67.65	1.61787204	1.13E+04	3.69E+02	1.70E+02
96	CML	3	6-17-2025	7.4	111	10-1-2025	17	6	2025	16:25	5	100	101	62.84	2.325348288	1.13E+04	4.55E+02	1.14E+02
162	CML	1	6-26-2025	5.42	81.3	11-7-2025	26	6	2025	12:31	5	100	120	84.89	2.139491048	2.90E+04	3.88E+02	4.35E+02
131	CML	2	6-26-2025	5.77	86.5	10-24-2025	26	6	2025	12:31	5	100	123.9	85.12	2.363129104	2.79E+04	3.50E+02	2.56E+02
103	CML	3	6-26-2025	2.86	42.9	10-3-2025	26	6	2025	12:31	5	100	118.6	83.22	2.155943984	2.62E+04	2.65E+02	2.74E+02
132	CML	1	7-1-2025	2.05	30.8	10-24-2025	1	7	2025	16:46	5	100	55.95	42.42	0.824474904	3.43E+04	5.57E+02	3.28E+03
163	CML	2	7-1-2025	6.26	93.9	11-7-2025	1	7	2025	16:46	5	100	54.62	35.75	1.149877416	3.27E+04	5.67E+02	2.97E+03
185	CML	3	7-1-2025	7.33	110	11-19-2025	1	7	2025	16:46	5	100	49.42	36.82	0.76780368	3.39E+04	5.57E+02	3.27E+03
109	CML	1	7-9-2025	9.47	142	10-8-2025	9	7	2025	11:08	5	100	110.6	80.79	1.816526008	8.81E+02	9.47E+00	9.47E+01
164	CML	2	7-9-2025	9.13	137	11-7-2025	9	7	2025	11:08	5	100	103.4	76.34	1.648949808	8.52E+02	9.47E+00	2.84E+01
183	CML	3	7-9-2025	4.2	63	11-19-2025	9	7	2025	11:08	5	100	98.84	72.52	1.603856576	1.06E+03	2.84E+01	5.68E+01
148	CML	1	7-15-2025	8	120	11-5-2025	15	7	2025	15:10	5	100	83.11	61.51	1.31623488	1.04E+03	0.00E+00	4.82E+02
110	CML	2	7-15-2025	7.73	116	10-8-2025	15	7	2025	15:10	5	100	69.91	52.36	1.06944084	1.36E+03	9.45E+00	6.24E+02
166	CML	3	7-15-2025	1.92	28.8	11-7-2025	15	7	2025	15:10	5	100	73.33	54.56	1.143783736	1.25E+03	9.45E+00	6.62E+02
133	CML	1	7-22-2025	5.85	87.8	10-24-2025	22	7	2025	9:30	5	100	57.62	43.52	0.85920888	1.12E+03	0.00E+00	1.42E+02
177	CML	2	7-22-2025	7.4	111	11-19-2025	22	7	2025	9:30	5	100	67.88	49.22	1.137080688	1.03E+03	9.45E+00	1.61E+02
167	CML	3	7-22-2025	5.96	89.4	11-7-2025	22	7	2025	9:30	5	100	53.43	40.32	0.798881448	9.92E+02	1.89E+01	1.80E+02
206	CML	1	8-13-2025	7.73	116	12-11-2025	13	8	2025	14:41	5	100	94.17	69.31	1.514888848	1.17E+04	1.89E+01	4.75E+03
168	CML	2	8-13-2025	15.8	237	11-7-2025	13	8	2025	14:41	5	100	95.4	64.91	1.857963032	1.20E+04	9.47E+00	4.57E+03
135	CML	3	8-13-2025	3.56	53.4	10-24-2025	13	8	2025	14:41	5	100	90.91	65.86	1.52646684	1.15E+04	1.89E+01	4.40E+03
238	CML	1	8-20-2025	2.8	42	12-12-2025	20	8	2025	9:24	5	100	187.1	127	3.66230168	1.35E+04	1.61E+02	3.68E+03
196	CML	2	8-20-2025	14.3	215	12-10-2025	20	8	2025	9:24	5	100	155.2	104.8	3.07121472	1.32E+04	1.42E+02	3.70E+03
112	CML	3	8-20-2025	12.9	194	10-8-2025	20	8	2025	9:24	5	100	158	111.1	2.85793592	1.30E+04	1.52E+02	3.48E+03
106	CML	1	8-28-2025	12.5	188	10-3-2025	28	8	2025	15:12	5	100	79.99	56.86	1.409468184	5.06E+03	1.89E+01	2.42E+03
137	CML	2	8-28-2025	11.6	176	10-24-2025	28	8	2025	15:12	5	100	71.03	49.29	1.324766032	4.82E+03	7.55E+01	2.23E+03
170	CML	3	8-28-2025	8.47	127	11-7-2025	28	8	2025	15:12	5	100	76.69	52.86	1.452123944	4.64E+03	3.77E+01	2.09E+03
303	CML	1	9-4-2025	16.4	246	12-17-2025	4	9	2025	9:12	5	100	239.6	161.1	4.7835388	1.98E+04	6.61E+01	9.07E+03
398	CML	2	9-4-2025	15	225	12-29-2025	4	9	2025	9:12	5	100	127.9	87.29	2.474643448	2.08E+04	1.89E+01	9.91E+03
382	CML	3	9-4-2025	8.8	132	12-29-2025	4	9	2025	9:12	5	100	136.4	88.88	2.895716736	1.95E+04	1.89E+01	9.61E+03
368	CML	1	9-11-2025	8.47	127	12-22-2025	11	9	2025	14:13	5	100	257.6	173.5	5.12478488	2.07E+04	8.49E+01	9.97E+03
287	CML	2	9-11-2025	12.8	192	12-16-2025	11	9	2025	14:13	5	100	259.8	167.8	5.6061856	2.00E+04	1.42E+02	9.35E+03
416	CML	3	9-11-2025	9.4	141	12-30-2025	11	9	2025	14:13	5	100	244	160.1	5.11259752	1.91E+04	9.44E+01	8.66E+03
432	CML	1	9-18-2025	3.93	58.9	12-30-2025	18	9	2025	9:13	5	100	106.6	75.13	1.917681096	2.95E+04	9.44E+00	1.75E+04
385	CML	2	9-18-2025	3.4	51	12-29-2025	18	9	2025	9:13	5	100	98.47	69.15	1.786666976	2.91E+04	5.66E+01	1.72E+04
450	CML	3	9-18-2025	2.2	33	1-7-2026	18	9	2025	9:13	5	100	100.8	70.91	1.821400952	2.97E+04	5.66E+01	1.74E+04
401	CML	1	9-23-2025	4.4	66	12-29-2025	23	9	2025	12:46	5	100	101.6	68.47	2.018836184	1.22E+04	3.77E+01	8.45E+03
452	CML	2	9-23-2025	4.48	67.2	1-7-2026	23	9	2025	12:46	5	100	77.59	52.95	1.501482752	1.30E+04	4.72E+01	8.53E+03
386	CML	3	9-23-2025	1.99	29.9	12-29-2025	23	9	2025	12:46	5	100	79.15	52.98	1.594716056	1.33E+04	1.51E+02	8.19E+03
322	CML	1	9-29-2025	3.68	55.2	12-19-2025	29	9	2025	16:50	5	100	77.31	48.41	1.76107352	1.85E+03	3.87E+02	1.26E+03
289	CML	2	9-29-2025	0.375	5.63	12-16-2025	29	9	2025	16:50	5	100	75.21	52.55	1.380827888	2.10E+03	9.44E+02	1.24E+03
304	CML	3	9-29-2025	4.33	65	12-17-2025	29	9	2025	16:50	5	100	77.5	53.58	1.457608256	2.57E+03	1.86E+03	1.21E+03
275	CML	1	10-7-2025	2.21	33.2	12-15-2025	7	10	2025	11:28	5	100	48.01	34.67	0.812896912	2.70E+03	3.60E+03	1.01E+03
420	CML	2	10-7-2025	6.61	99.2	12-30-2025	7	10	2025	11:28	5	100	48.71	34.69	0.854333936	2.61E+03	3.72E+03	8.59E+02
305	CML	3	10-7-2025	3.69	55.3	12-17-2025	7	10	2025	11:28	5	100	49.26	34.79	0.881755496	3.25E+03	3.93E+03	1.30E+03
278	CML	1	10-16-2025	6.55	98.3	12-15-2025	16	10	2025	7:57	5	100	106.4	73.72	1.991414624	5.13E+03	2.69E+03	2.55E+03
421	CML	2	10-16-2025	5.66	84.9	12-30-2025	16	10	2025	7:57	5	100	107.2	76.02	1.900009424	4.80E+03	2.62E+03	2.15E+03
293	CML	3	10-16-2025	5.28	79.2	12-16-2025	16	10	2025	7:57	5	100	108.4	76.81	1.924993512	4.71E+03	2.50E+03	2.26E+03
358	CML	1	10-21-2025	3.99	59.8	12-22-2025	21	10	2025		5	100	82.06	61.71	1.24006388			
272	CML	2	10-21-2025	2.39	35.9	12-15-2025	21	10	2025		5	100	81.38	60.96	1.244329456			
372	CML	3	10-21-2025	3.63	54.5	12-22-2025	21	10	2025		5	100	83.54	62.88	1.258954288			
375	CML	1	10-27-2025	4.32	64.8	12-22-2025	27	10	2025	15:21	5	100	82.06	61.71	1.24006388	6.33E+03	1.29E+03	2.65E+03
296	CML	2	10-27-2025	3.38	50.7	12-16-2025	27	10	2025	15:21	5	100	81.38	60.96	1.244329456	6.95E+03	1.32E+03	3.04E+03
405	CML	3	10-27-2025	5.63	84.5	12-29-2025	27	10	2025	15:21	5	100	83.54	62.88	1.258954288	6.79E+03	2.31E+03	2.81E+03
391	CML	1	11-4-2025	1.93	28.9	12-29-2025	4	11	2025	9:11	5	100	83.08	57.8	1.540482304	1.57E+04	1.47E+03	2.78E+03
297	CML	2	11-4-2025	1.75	26.2	12-16-2025	4	11	2025	9:11	5	100	72.13	52.03	1.22482968	1.30E+04	1.38E+03	2.95E+03
359	CML	3	11-4-2025	1.17	17.5	12-22-2025	4	11	2025	9:11	5	100	70.62	50.48	1.227267152	2.22E+04	2.39E+03	2.95E+03
280	CML	1	11-10-2025	1.69	25.4	12-15-2025	10	11	2025	14:27	5	100	166.7	127.6	2.38262888	1.19E+04	1.13E+03	3.28E+03
360	CML	2	11-10-2025	2.57	38.6	12-22-2025	10	11	2025	14:27	5	100	146.8	111	2.18153744	1.14E+04	1.01E+03	3.46E+03
440	CML	3	11-10-2025	2.76	41.4	12-30-2025	10	11	2025	14:27	5	100	114.2	83.77	1.854306824	1.76E+04	1.64E+03	3.03E+03
318	CML	1	11-18-2025	1.26	18.9	12-17-2025	18	11	2025	9:33	5	100	41.59	29.61	0.730022864	7.06E+03	7.57E+02	8.13E+02
282	CML	2	11-18-2025	1.19	17.9	12-15-2025	18	11	2025	9:33	5	100	37.97	27.11	0.661773648	6.90E+03	6.34E+02	1.01E+03
441	CML	3	11-18-2025	1.91	28.6	12-30-2025	18	11	2025	9:33	5	100	35.36	25.75	0.585602648	1.12E+04	1.29E+03	8.52E+02
312	CML	1	11-24-2025	2.89	43.3	12-17-2025	24	11	2025	13:11	5	100	58.84	39.98	1.149268048	7.57E+03	7.68E+02	2.15E+03
345	CML	2	11-24-2025	3.73	55.9	12-19-2025	24	11	2025	13:11	5	100	56.37	37.64	1.141346264	6.08E+03	5.79E+02	2.11E+03
301	CML	3	11-24-2025	1.83	27.5	12-16-2025	24	11	2025	13:11	5	100	56.69	39.98	1.018253928	8.94E+03	7.87E+02	1.83E+03
331	CML	1	12-5-2025	1.64	24.6	12-19-2025	5	12	2025	10:28	5	100	71.32	49.07	1.3558438	2.65E+03	9.45E+01	7.28E+02
269	CML	2	12-5-2025	2.18	32.7	12-15-2025	5	12	2025	10:28	5	100	76.63	53.94	1.382655992	2.56E+03	1.13E+02	7.37E+02
426	CML	3	12-5-2025	2.93	44	12-30-2025	5	12	2025	10:28	5	100	79.4	55.05	1.48381108	2.49E+03	9.45E+01	6.80E+02
302	CML	1	12-9-2025	1.85	27.7	12-16-2025	9	12	2025	14:08	5	100	55.18	38.58	1.01155088	1.37E+03	2.83E+01	2.46E+02
270	CML	2	12-9-2025	2.45	36.8	12-15-2025	9	12	2025	14:08	5	100	58.03	40.21	1.085893776	1.63E+03	0.00E+00	2.93E+02
285	CML	3	12-9-2025	3.13	46.9	12-15-2025	9	12	2025	14:08	5	100	62.88	44.02	1.149268048	1.30E+03	1.89E+01	1.89E+02
428	CML	1	12-17-2025	2.43	36.5	12-30-2025	17	12	2025	9:03	5	100	40.13	28.83	0.68858584	6.51E+02	3.77E+01	1.42E+02
365	CML	2	12-17-2025	1.23	18.4	12-22-2025	17	12	2025	9:03	5	100	42.96	31.34	0.708085616	8.87E+02	5.66E+01	1.98E+02
333	CML	3	12-17-2025	1.52	22.8	12-19-2025	17	12	2025	9:03	5	100	50.72	37.2	0.823865536	5.76E+02	5.66E+01	1.79E+02
412	CML	1	12-22-2025	2.43	36.5	12-29-2025	22	12	2025	12:14	5	100	43.11	31.35	0.716616768	1.63E+03	5.66E+01	4.25E+02
396	CML	2	12-22-2025	1.37	20.6	12-29-2025	22	12	2025	12:14	5	100	42.61	30.83	0.717835504	1.46E+03	1.89E+01	2.74E+02
429	CML	3	12-22-2025	2.1	31.5	12-30-2025	22	12	2025	12:14	5	100	43.65	32.49	0.680054688	1.34E+03	7.55E+01	2.08E+02
